	tumor_infiltrating_patient001	tumor_infiltrating_patient002	tumor_infiltrating_patient003	peripheral_blood_patient001	peripheral_blood_patient002	peripheral_blood_patient003	peripheral_blood_healthy001	peripheral_blood_healthy002	peripheral_blood_healthy003
ACTG1	887.112	885.142	989.597	845.143	837.244	833.62	548.317	544.18	543.478
ACTN1	65.175	63.8375	59.4944	0.914152	0.918204	0.977006	0.994362	0.98323	0.988528
ADGRE5	343.596	375.787	590.028	172.215	197.972	198.554	275.682	321.091	324.007
ADGRG1	24.3756	22.8977	27.2914	257.701	246.991	249.884	299.994	288.414	294.802
AHNAK	68.0554	68.57	94.8197	271.916	273.021	268.279	257.439	259.353	254.019
ANXA1	459.902	467.184	485.43	276.282	281.448	297.912	238.231	242.571	247.997
ANXA6	103.552	104.27	91.5278	295.25	295.669	297.825	219.303	220.238	222.432
APMAP	60.851	61.2069	67.8844	249.389	250.63	251.72	142.627	143.498	144.37
ARL4A	66.1984	67.1172	58.2286	26.9993	27.5754	27.6623	1.95829	2.00111	1.99094
ARMH1	71.4686	67.912	72.9668	0.643264	0.643458	0.643935	4.30117	4.25555	3.97799
ARRDC2	162.664	161.483	189.043	59.4338	59.5463	59.3009	60.3786	60.1155	60.3423
ATF3	44.2084	43.5313	90.3078	49.0314	46.2059	49.8726	0.702276	0.706839	0.71245
ATF4	493.047	496.419	433.346	284.34	286.788	288.4	199.273	200.704	202.267
BTG2	680.932	685.011	427.161	399.925	402.733	405.03	89.7235	90.3217	91.0393
C12orf75	21.721	22.0534	26.125	147.584	150.887	151.79	125.659	128.1	128.374
CASP8	71.8333	71.8308	82.1159	114.643	116.129	117.462	287.556	287.656	291.052
CCNL1	545.116	570.805	717.611	353.255	372.149	348.408	282.561	293.251	279.65
CCR7	153.72	154.864	229.187	0.375783	0.377665	0.379878	1.70604	1.7302	1.73231
CD28	74.7781	61.4665	89.8586	1.94751	1.84007	1.98011	1.82261	1.62706	1.85338
CD44	352.833	353.687	417.003	136.81	137.763	137.856	172.916	173.283	173.522
CD55	103.034	105.494	226.11	20.6155	21.2477	20.9661	30.0191	30.7563	31.1479
CD6	231.436	232.255	313.367	100.24	100.95	104.809	245.853	247.198	267.137
CD63	60.6197	63.4025	74.3042	234.417	252.724	253.415	129.486	139.404	139.634
CD69	1039.01	1059.44	768.536	518.231	531.562	535.403	111.87	114.579	114.869
CD7	381.368	379.495	302.112	325.233	322.134	322.579	190.644	189.094	191.198
CD83	73.7544	73.8506	74.6889	12.6112	12.705	12.6721	4.41802	4.47187	4.46084
CLK1	525.768	499.925	596.353	287.283	280.676	279.695	206.888	189.481	184.899
CMC1	82.738	84.3807	66.7964	353.77	362.699	362.591	211.696	216.55	215.9
CREM	197.132	200.407	193.494	29.5821	30.1109	30.2331	46.3786	47.051	47.1532
CSRNP1	299.2	299.181	406.548	77.7123	77.5596	78.0511	13.2899	13.2805	13.4294
CST7	256.838	258.874	199.049	861.067	869.617	875.576	620.696	625.096	632.794
CTSW	305.509	306.76	184.551	391.011	391.253	394.107	672.665	674.59	680.863
CYBA	370.742	366.362	261.586	781.072	769.278	772.035	779.147	770.978	789.321
CYCS	131.166	114.276	123.188	86.3242	76.0335	75.9269	28.1196	24.339	24.2852
CYTIP	337.769	342.888	299.272	140.497	143.494	144.386	132.495	134.8	135.596
DDIT3	201.853	203.427	225.166	82.2364	83.2802	89.1885	40.6069	41.0561	46.3416
DDX3X	399.422	398.832	641.671	163.2	165.003	166.032	129.499	129.625	130.047
DGKA	339.907	324.69	249.892	61.3003	60.7107	59.6776	142.948	137.178	135.12
DNAJA1	425.228	430.461	319.972	195.435	198.579	200.545	42.495	43.2046	43.4279
DNAJB1	1.4731	1.29174	1.44125	1.94911	1.89496	1.90017	1.47513	1.28427	1.29068
DUSP1	1444.63	1473.11	906.637	1958.67	2000	1928.84	193.903	216.978	172.304
DUSP2	1308.01	1299.82	680.077	651.589	645.405	644.23	378.896	375.131	377.236
EEF1B2	571.21	574.525	829.323	497.381	502.116	501.299	389.803	392.057	391.735
EFHD2	50.3555	49.5357	61.7326	387.916	383.124	383.229	314.975	310.306	312.416
EGR1	149.008	149.012	110.01	27.4494	27.4778	27.579	6.29537	6.27764	6.335
EIF1	2095.75	2122.3	2415.09	1703.4	1721.28	1728.15	1137.81	1151.17	1152.88
EIF4A2	878.062	906.448	898.276	515.917	534.082	579.217	395.017	405.786	447.467
EIF4A3	148.399	142.138	180.97	52.3395	47.9018	45.1727	17.9365	16.6876	16.5488
EIF4G2	469.221	480.268	502.145	280.26	289.198	286.848	223.902	230.216	225.362
EIF5	236.267	239.781	217.087	121.616	123.496	112.769	85.9073	87.345	82.3484
EZR	237.384	237.762	584.845	79.0345	79.3145	83.587	179.318	179.781	192.723
FAM102A	140.878	142.753	127.125	20.8986	20.0043	20.1909	18.5552	18.3486	18.6408
FAM177A1	109.431	109.751	188.211	39.9925	40.0412	40.0103	34.3007	34.4089	34.5231
FCMR	250.368	251.079	192.419	121.142	121.766	122.194	83.6115	83.8647	84
FCRL6	39.6366	39.9622	27.4476	234.679	236.588	238.709	142.471	143.856	145.648
FGR	25.4463	25.828	21.7239	197.909	205.277	206.007	110.799	114.129	122.555
FLNA	254.15	253.232	428.154	646.541	643.656	675.292	1180.6	1178.2	1271.1
FOS	3079.01	3068.63	2152.38	1562.18	1554.5	1556.13	242.878	241.37	243.129
FOSB	1988.18	1983.78	1883.3	768.122	767.712	767.091	82.921	85.8131	86.3008
FTH1	1541.67	1511.38	1853.13	634.795	627.231	640.139	538.838	537.639	542.575
FUS	368.383	381.72	418.808	206.775	213.821	218.328	208.29	217.845	229.316
GPR183	120.331	122.953	73.3644	7.62918	7.84697	7.91288	2.42893	2.4916	2.50364
GZMB	60.1097	60.1007	92.8926	479.011	481.282	485.271	326.189	327.864	331.295
GZMH	97.93	98.7166	161.908	865.641	871.069	878.068	947.147	953.364	961.617
GZMK	223.514	226.848	188.686	100.539	102.228	102.987	37.5726	38.2265	38.39
H3-3B	2125.48	2097.11	1902.29	1473.73	1444.45	1429.32	913.866	893.929	886.066
HNRNPH1	1540.55	1560.33	1443.23	673.913	682.811	682.169	986.753	1001.01	991.002
HOPX	14.6951	14.7776	25.2144	181.353	182.668	182.848	66.3584	66.5931	66.501
HSP90AA1	1522.93	1545.34	1377.78	886.178	903.454	906.271	228.739	233.114	236.244
HSPA1A	308.26	305.452	374.123	358.29	353.541	353.717	18.299	18.065	18.1828
HSPA1B	349.743	346.908	162.442	437.782	432.674	432.129	42.175	41.6716	41.9206
HSPA5	477.938	489.257	504.729	221.947	226.13	226.519	142.8	147.95	146.506
HSPA6	126.116	125.246	191.669	226.599	224.528	224.506	14.633	14.4912	14.5347
HSPA8	1536.91	1569.29	1388.42	863.055	884.589	890.003	436.644	446.411	448.521
HSPD1	78.8637	75.1965	123.423	99.7739	94.004	92.2695	31.554	29.8441	29.4573
HSPH1	336.591	343.222	318.589	80.5491	82.4932	90.1659	12.4285	12.7614	13.041
IER5	201.006	196.981	158.69	148.147	145.313	143.835	30.0932	29.277	29.1289
IFI44L	113.328	114.534	0	2.52651	2.69056	0	2.15559	2.20801	0
IFI6	170.738	169.98	60.208	53.779	53.5042	53.5647	26.0211	25.8186	25.9617
IL7R	445.175	452.909	253.064	28.5747	29.1638	29.4378	29.8241	30.5178	30.6352
IRF7	185.023	183.293	103.339	46.0314	45.3925	44.3378	27.8175	27.4119	27.0922
ISG15	264.212	264.214	105.452	68.7422	68.2542	68.2958	34.5542	34.3099	34.5059
ISG20	225.746	226.481	150.503	97.0372	96.9231	96.8196	79.6434	79.5314	79.907
ITGAL	191.088	192.446	209.56	409.814	412.066	462.224	606.223	610.611	684.576
ITGB2	147.327	147.437	160.538	597.734	595.505	594.976	448.635	448.17	447.908
IVNS1ABP	143.062	148.064	168.75	39.9003	40.9979	39.6947	37.9361	39.497	42.4926
JAML	73.6617	74.4087	56.4034	2.49821	2.52503	2.67747	4.32964	4.3885	4.58632
JUNB	2245.96	2210.2	723.898	1311.61	1289.36	1278.83	295.421	288.974	288.95
JUND	1357.74	1319.19	639.836	594.216	577.268	566.717	119.807	115.636	114.37
KDM6B	89.6382	89.6431	144.809	12.7035	12.6381	12.4337	7.49231	7.44896	7.54208
KLF2	932.313	922.191	392.507	361.667	359.417	350.514	105.063	106.243	102.041
KLF6	573.758	577.704	551.73	204.553	206.2	206.9	115.643	116.058	116.399
KLRD1	80.2998	83.5027	45.1931	274.023	286.562	287.532	134.286	140.02	141.638
KLRF1	23.783	24.2963	15.7678	140.625	144.778	146.658	28.3425	29.1289	29.1841
LAIR2	0.870145	0.86953	11.7039	103.428	103.636	105.629	36.8471	36.9238	37.7532
LDHA	376.412	382.64	467.041	216.145	220.015	221.044	215.357	220.496	220.555
LDHB	326.282	331.178	308.834	144.177	146.852	147.346	151.001	154.049	153.779
LEF1	202.007	206.637	164.857	7.69607	7.85337	7.78108	9.72375	9.87852	9.4885
LMNA	222.17	217.816	169.642	9.49027	9.33693	9.42739	3.17932	3.0631	2.96012
LSR	73.1504	72.9625	53.6612	3.66594	3.66631	3.67854	3.14937	3.14717	3.07144
LTB	179.764	177.769	127.206	24.393	24.1784	24.0294	10.6461	10.5008	10.5579
MAL	61.1364	61.3239	42.9413	0.141153	0.141199	0.141311	0.571569	0.571539	0.574103
MCL1	450.614	452.558	431.929	267.511	270.99	266.059	153.568	154.665	155.914
MT2A	167.618	165.739	90.4356	93.5418	92.1391	90.946	37.4444	36.8096	36.6373
MX1	167.056	169.387	115.953	17.5732	18.2813	21.1808	15.3499	15.7145	18.5893
MX2	121.463	124.207	108.807	21.9011	23.3101	23.2176	19.7592	20.3872	22.1072
MYADM	357.04	355.282	275.835	96.1469	95.1042	94.6617	14.9321	14.8266	14.8561
MYC	48.588	48.4289	61.978	2.02334	2.02358	2.03027	0.858711	0.855697	0.863941
MYO1F	88.7505	88.0842	61.2489	209.36	207.675	202.127	383.662	377.525	358.677
MYOM2	2.27082	2.59374	0.46014	166.549	165.478	184.286	0.991112	0.755253	0.755144
NELL2	205.517	208.776	245.534	8.30176	8.46127	8.51324	3.82738	3.89539	3.77729
NEU1	130.979	130.977	135.228	32.7783	32.5968	32.6764	9.60598	9.60102	9.70377
NFKBIA	944.567	947.428	791.07	384.601	386.197	422.854	83.9535	83.9554	119.52
NKG7	524.504	526.975	636.844	4089.03	4092.67	4106.18	3215.42	3220.49	3253.37
NR4A1	368.513	374.435	419.811	58.1053	59.3062	59.0312	1.82188	1.80323	2.00352
NXF1	330.221	331.043	302.671	131.845	132.38	132.738	125.644	126.78	126.967
OXNAD1	93.7629	99.2589	78.333	11.2265	11.7713	11.0583	6.4674	6.83257	6.37675
PABPC1	1650.38	1772.05	2515.12	839.12	880.883	836.181	818.598	885.653	839.255
PDCD4	424.423	447.759	898.69	235.001	249.342	262.46	294.805	314.009	328.902
PFKFB3	134.753	135.038	121.789	10.6478	10.6548	10.6614	20.9035	20.9297	20.9847
PFN1	926.206	693.179	782.909	2201.89	1779.79	2147.06	1516.65	1161.25	1489.87
PIK3IP1	340.968	342.776	263.686	112.772	113.594	114.46	111.693	112.856	114.011
PLEK	23.1998	23.5268	21.862	186.845	189.886	182.611	141.739	143.923	138.735
PLK3	241.46	254.45	213.571	17.4513	18.6557	19.8025	27.4769	29.369	30.0389
PMAIP1	119.165	104.448	92.035	104.653	94.4041	106.465	13.9219	9.31679	13.7275
PNRC1	345.69	346.487	302.939	205.513	207.768	207.753	77.5406	77.9115	77.6737
PPP1R15A	612.392	609.684	755.998	431.798	428.192	431.878	37.2474	36.9856	37.4715
PPP1R15B	136.504	129.539	161.098	66.524	62.5621	69.9458	38.2835	34.7719	39.541
PRF1	94.821	94.1101	65.0268	474.068	470.276	472.78	391.207	386.524	390.78
PRSS23	1.12813	1.13367	3.2498	77.2939	77.5334	78.0085	57.2193	57.4517	57.9345
PTGER4	595.508	603.669	310.2	120.257	122.203	116.387	49.3166	49.8368	48.1614
PTP4A1	118.757	133.956	106.01	45.9783	48.8339	48.096	21.5434	23.4854	22.1832
RAP1GAP2	4.53032	4.61186	8.81226	59.8088	60.2731	61.3913	125.82	126.956	131.132
RGCC	454.542	458.591	628.748	11.3122	11.5246	11.8735	9.80306	9.96939	10.0132
RGS1	1340.45	1365.88	677.252	380.797	390.143	396.825	65.6571	67.157	67.6793
RGS2	280.298	284.872	256.343	229.886	234.958	237.441	35.9763	36.7327	36.8947
RHOB	183.516	181.635	133.084	82.3077	81.4803	80.9871	37.5894	37.0162	36.9387
RPLP2	2353.91	2340.62	2636.81	2183.31	2154.87	2127.55	1438.07	1423.35	1411.97
RPS26	983.822	987.839	895.09	203.912	207.89	203.531	151.352	151.978	150.525
SARAF	60.5305	60.4434	55.323	65.3131	65.1705	65.4117	12.2434	12.207	12.2832
SAT1	390.096	392.155	447.139	133.089	135.834	137.336	110.54	111.34	113.558
SDCBP	245.289	249.492	158.956	31.1123	31.8154	30.9599	46.3758	47.1856	46.1183
SELL	235.345	239.074	212.903	8.9413	9.11582	9.19196	51.9635	52.9326	53.2899
SF1	342.992	326.81	481.479	152.814	142.656	170.535	207.658	190.372	251.968
SFPQ	348.357	346.826	407.411	127.033	125.866	130.814	220.928	223.076	226.861
SGK1	86.7359	87.5302	138.908	6.23364	6.25135	6.32652	1.1928	1.31013	1.18685
SIK1	341.259	332.313	275.768	44.8209	41.761	47.6835	12.864	12.2602	13.7147
SLC2A3	699.076	767.094	696.384	98.7924	104.684	101.523	92.3008	99.8424	96.0512
SMAP2	307.968	311.702	205.111	88.9493	90.2203	84.783	128.562	130.365	112.981
SOCS3	90.3813	89.9109	166.718	17.7449	17.654	17.6807	4.01934	3.98829	4.01524
SPOCK2	235.329	234.488	295.84	74.8748	74.4119	74.929	218.796	217.754	220.465
SPON2	41.9704	44.5784	23.8535	331.126	348.006	325.252	159.823	173.877	160.711
SRGN	853.168	868.318	721.482	595.597	609.394	614.216	306.277	312.919	314.263
SRSF3	521.334	505.379	465.843	258.984	250.873	254.008	196.574	193.07	194.457
SRSF5	1211.35	1219.83	1230.78	767.471	773.774	773.993	429.261	432.842	436.953
SRSF6	299.79	247.719	264.622	105.773	91.1582	93.5552	97.3573	80.8913	82.504
SRSF7	645.503	649.074	636.002	319.859	322.84	334.506	195.268	196.842	205.393
SSBP4	44.5599	45.7481	33.9626	196.917	196.464	193.693	151.027	152.252	149.799
SYNE1	73.8185	68.5121	60.0184	206.681	200.645	178.425	276	252.916	220.024
TAGAP	186.652	179.963	146.717	71.6408	70.0513	71.8016	20.9995	20.081	21.0206
TAMALIN	114.531	133.981	132.764	12.6905	13.2404	12.6411	2.97431	3.59241	2.9522
TCF7	240.459	240.578	227.139	71.4054	71.3787	72.7244	102.366	101.881	103.813
TLE5	366.851	365.577	273.647	739.368	735.037	737.929	669.268	666.373	672.008
TMEM123	141.452	144.598	176.706	43.1514	44.4501	44.8976	46.3037	47.4538	47.9206
TNFAIP3	2022.33	2030.38	1537.26	584.922	588.093	518.296	418.859	421.957	385.383
TOB1	223.545	223.625	148.836	68.5198	69.1395	69.2551	22.2144	22.9417	23.0878
TRA2B	261.603	263.714	291.117	153.934	155.428	157.756	109.498	109.796	110.761
TRABD2A	70.3011	70.8477	78.4519	3.75296	3.73641	3.28223	3.96959	3.98577	3.41835
TRBV10-2	7.72583	7.77372	10.3814	0	0	0	201.367	203.038	204.553
TRBV28	128.624	129.868	277.185	6.05968	6.14823	6.12874	28.2921	28.5963	28.5843
TRDV3	0.469539	0.475964	2.25815	361.788	365.763	367.24	16.6398	16.9583	16.8799
TRGC2	92.2826	93.8753	82.5589	408.089	416.902	420.414	240.666	245.975	247.222
TRGV9	6.21837	6.31067	10.1755	104.781	107	132.016	15.1221	15.4227	18.4595
TRNAU1AP	16.5151	17.6556	12.1389	21.0976	21.8802	21.6173	19.5777	21.2079	21.0564
TSC22D3	1791.03	1793.24	1425.89	1293.02	1295.91	1272.23	398.104	398.937	397.758
TSPYL2	401.153	402.825	385.316	83.6715	84.6236	81.774	63.6891	66.3533	61.75
TTC38	14.354	16.5297	11.1775	131.781	143.763	144.197	75.2064	85.679	91.3607
TUBA4A	323.459	326.59	321.4	301.52	304.577	272.397	174.585	176.278	156.997
TXK	115.895	117.526	89.2556	36.7116	37.002	40.5298	10.6023	10.76	12.9566
TYROBP	49.6773	49.3914	44.4647	337.689	329.873	334.769	16.9226	16.7061	16.837
UBB	685.019	689.831	615.346	860.187	857.461	862.144	424.117	425.239	427.099
UBE2S	119.143	118.312	81.3591	69.3639	68.4482	68.2387	15.2049	15.0253	15.0295
USP36	112.184	111.104	300.91	43.008	41.2416	41.3081	122.084	120.645	121.294
VIM	539.974	543.833	671.612	248.788	250.225	243.352	168.918	171.379	143.716
XAF1	212.545	214.678	119.015	38.8266	39.4313	39.7324	19.1432	19.4203	19.7066
XCL1	145.799	153.207	43.3847	17.6799	18.3449	18.2544	5.32254	5.57083	5.48368
XCL2	176.633	178.439	109.414	82.9825	83.9616	84.1691	17.23	17.404	17.4913
YBX3	196.062	198.02	319.494	16.9466	17.1254	16.8591	30.9488	31.2636	31.2307
YPEL5	886.713	897.911	1112.19	242.011	246.335	288.539	131.113	133.294	152.204
ZBTB37	4.31187	4.36474	5.59212	7.95552	8.13986	8.90339	15.3293	15.6087	17.8982
ZFAND5	241.952	235.275	228.965	122.739	118.709	119.348	67.9285	67.1673	67.2851
ZFP36	2125.26	2120.11	1237.53	1703.79	1693.95	1696.94	352.72	350.843	354.683
ZFP36L2	636.279	631.684	315.091	626.999	626.308	622.955	241.919	238.714	237.969
ZNF331	422.87	427.542	393.542	25.027	25.085	25.1209	31.8277	32.7356	32.8309
