	tumor_infiltrating_patient001	tumor_infiltrating_patient002	tumor_infiltrating_patient003	peripheral_blood_patient001	peripheral_blood_patient002	peripheral_blood_patient003	peripheral_blood_healthy001	peripheral_blood_healthy002	peripheral_blood_healthy003
ADGRG1	24.3756	22.8977	27.2914	257.701	246.991	249.884	299.994	288.414	294.802
ARMH1	71.4686	67.912	72.9668	0.643264	0.643458	0.643935	4.30117	4.25555	3.97799
CCR7	153.72	154.864	229.187	0.375783	0.377665	0.379878	1.70604	1.7302	1.73231
CD28	74.7781	61.4665	89.8586	1.94751	1.84007	1.98011	1.82261	1.62706	1.85338
CD44	352.833	353.687	417.003	136.81	137.763	137.856	172.916	173.283	173.522
CD55	103.034	105.494	226.11	20.6155	21.2477	20.9661	30.0191	30.7563	31.1479
CLK1	525.768	499.925	596.353	287.283	280.676	279.695	206.888	189.481	184.899
CREM	197.132	200.407	193.494	29.5821	30.1109	30.2331	46.3786	47.051	47.1532
CSRNP1	299.2	299.181	406.548	77.7123	77.5596	78.0511	13.2899	13.2805	13.4294
CST7	256.838	258.874	199.049	861.067	869.617	875.576	620.696	625.096	632.794
CYTIP	337.769	342.888	299.272	140.497	143.494	144.386	132.495	134.8	135.596
DDX3X	399.422	398.832	641.671	163.2	165.003	166.032	129.499	129.625	130.047
DGKA	339.907	324.69	249.892	61.3003	60.7107	59.6776	142.948	137.178	135.12
EFHD2	50.3555	49.5357	61.7326	387.916	383.124	383.229	314.975	310.306	312.416
EGR1	149.008	149.012	110.01	27.4494	27.4778	27.579	6.29537	6.27764	6.335
FAM102A	140.878	142.753	127.125	20.8986	20.0043	20.1909	18.5552	18.3486	18.6408
FOSB	1988.18	1983.78	1883.3	768.122	767.712	767.091	82.921	85.8131	86.3008
FTH1	1541.67	1511.38	1853.13	634.795	627.231	640.139	538.838	537.639	542.575
GPR183	120.331	122.953	73.3644	7.62918	7.84697	7.91288	2.42893	2.4916	2.50364
GZMB	60.1097	60.1007	92.8926	479.011	481.282	485.271	326.189	327.864	331.295
GZMH	97.93	98.7166	161.908	865.641	871.069	878.068	947.147	953.364	961.617
HSPA5	477.938	489.257	504.729	221.947	226.13	226.519	142.8	147.95	146.506
HSPD1	78.8637	75.1965	123.423	99.7739	94.004	92.2695	31.554	29.8441	29.4573
HSPH1	336.591	343.222	318.589	80.5491	82.4932	90.1659	12.4285	12.7614	13.041
IL7R	445.175	452.909	253.064	28.5747	29.1638	29.4378	29.8241	30.5178	30.6352
ITGB2	147.327	147.437	160.538	597.734	595.505	594.976	448.635	448.17	447.908
IVNS1ABP	143.062	148.064	168.75	39.9003	40.9979	39.6947	37.9361	39.497	42.4926
KDM6B	89.6382	89.6431	144.809	12.7035	12.6381	12.4337	7.49231	7.44896	7.54208
KLF2	932.313	922.191	392.507	361.667	359.417	350.514	105.063	106.243	102.041
KLF6	573.758	577.704	551.73	204.553	206.2	206.9	115.643	116.058	116.399
LDHB	326.282	331.178	308.834	144.177	146.852	147.346	151.001	154.049	153.779
LEF1	202.007	206.637	164.857	7.69607	7.85337	7.78108	9.72375	9.87852	9.4885
LMNA	222.17	217.816	169.642	9.49027	9.33693	9.42739	3.17932	3.0631	2.96012
LTB	179.764	177.769	127.206	24.393	24.1784	24.0294	10.6461	10.5008	10.5579
MX1	167.056	169.387	115.953	17.5732	18.2813	21.1808	15.3499	15.7145	18.5893
MYADM	357.04	355.282	275.835	96.1469	95.1042	94.6617	14.9321	14.8266	14.8561
NELL2	205.517	208.776	245.534	8.30176	8.46127	8.51324	3.82738	3.89539	3.77729
NFKBIA	944.567	947.428	791.07	384.601	386.197	422.854	83.9535	83.9554	119.52
NKG7	524.504	526.975	636.844	4089.03	4092.67	4106.18	3215.42	3220.49	3253.37
NR4A1	368.513	374.435	419.811	58.1053	59.3062	59.0312	1.82188	1.80323	2.00352
NXF1	330.221	331.043	302.671	131.845	132.38	132.738	125.644	126.78	126.967
PABPC1	1650.38	1772.05	2515.12	839.12	880.883	836.181	818.598	885.653	839.255
PDCD4	424.423	447.759	898.69	235.001	249.342	262.46	294.805	314.009	328.902
PFKFB3	134.753	135.038	121.789	10.6478	10.6548	10.6614	20.9035	20.9297	20.9847
PIK3IP1	340.968	342.776	263.686	112.772	113.594	114.46	111.693	112.856	114.011
PLEK	23.1998	23.5268	21.862	186.845	189.886	182.611	141.739	143.923	138.735
PLK3	241.46	254.45	213.571	17.4513	18.6557	19.8025	27.4769	29.369	30.0389
PRF1	94.821	94.1101	65.0268	474.068	470.276	472.78	391.207	386.524	390.78
PTGER4	595.508	603.669	310.2	120.257	122.203	116.387	49.3166	49.8368	48.1614
RGCC	454.542	458.591	628.748	11.3122	11.5246	11.8735	9.80306	9.96939	10.0132
RGS1	1340.45	1365.88	677.252	380.797	390.143	396.825	65.6571	67.157	67.6793
RPS26	983.822	987.839	895.09	203.912	207.89	203.531	151.352	151.978	150.525
SARAF	60.5305	60.4434	55.323	65.3131	65.1705	65.4117	12.2434	12.207	12.2832
SAT1	390.096	392.155	447.139	133.089	135.834	137.336	110.54	111.34	113.558
SDCBP	245.289	249.492	158.956	31.1123	31.8154	30.9599	46.3758	47.1856	46.1183
SELL	235.345	239.074	212.903	8.9413	9.11582	9.19196	51.9635	52.9326	53.2899
SGK1	86.7359	87.5302	138.908	6.23364	6.25135	6.32652	1.1928	1.31013	1.18685
SIK1	341.259	332.313	275.768	44.8209	41.761	47.6835	12.864	12.2602	13.7147
SLC2A3	699.076	767.094	696.384	98.7924	104.684	101.523	92.3008	99.8424	96.0512
SMAP2	307.968	311.702	205.111	88.9493	90.2203	84.783	128.562	130.365	112.981
SOCS3	90.3813	89.9109	166.718	17.7449	17.654	17.6807	4.01934	3.98829	4.01524
SRSF3	521.334	505.379	465.843	258.984	250.873	254.008	196.574	193.07	194.457
SRSF6	299.79	247.719	264.622	105.773	91.1582	93.5552	97.3573	80.8913	82.504
SRSF7	645.503	649.074	636.002	319.859	322.84	334.506	195.268	196.842	205.393
TAMALIN	114.531	133.981	132.764	12.6905	13.2404	12.6411	2.97431	3.59241	2.9522
TCF7	240.459	240.578	227.139	71.4054	71.3787	72.7244	102.366	101.881	103.813
TNFAIP3	2022.33	2030.38	1537.26	584.922	588.093	518.296	418.859	421.957	385.383
TRABD2A	70.3011	70.8477	78.4519	3.75296	3.73641	3.28223	3.96959	3.98577	3.41835
TRBV28	128.624	129.868	277.185	6.05968	6.14823	6.12874	28.2921	28.5963	28.5843
TSPYL2	401.153	402.825	385.316	83.6715	84.6236	81.774	63.6891	66.3533	61.75
VIM	539.974	543.833	671.612	248.788	250.225	243.352	168.918	171.379	143.716
XAF1	212.545	214.678	119.015	38.8266	39.4313	39.7324	19.1432	19.4203	19.7066
YBX3	196.062	198.02	319.494	16.9466	17.1254	16.8591	30.9488	31.2636	31.2307
YPEL5	886.713	897.911	1112.19	242.011	246.335	288.539	131.113	133.294	152.204
ZBTB37	4.31187	4.36474	5.59212	7.95552	8.13986	8.90339	15.3293	15.6087	17.8982
ZNF331	422.87	427.542	393.542	25.027	25.085	25.1209	31.8277	32.7356	32.8309
