	Naive CD8+ T	Progenitor	Exhausted CD4/8+ T	Mast Cell	Dendritic Cell	Natural Killer T	CD8+ T	Exhausted CD8+ T	Microglial	B
CD8A	0.014062317790899	-0.151403439967902	-0.124944946045879	-0.195273155813593	-0.179165701738219	-0.056867991554769	-0.048580962565856	-0.127103720371218	-0.164273823487759	-0.030603950561815
CD8B	0.000192393330836	-0.134396759162166	-0.144001568408999	-0.1549441627943	-0.140473946780332	-0.040302947888598	-0.084357008891103	-0.116878145755747	-0.083912551460981	-0.036562349584635
CD38	-0.08818013416114	-0.045411480137454	-0.029847855130571	-0.006714677318353	-0.037348103128263	-0.082779439438347	-0.078916171537219	-0.061529783839876	-0.031921846423059	-0.01904954257814
CD69	0.095838250935432	-0.155898490023573	0.025336245233014	-0.231035783008703	0.005913621611633	-0.02913592138687	0.00320509730714	-0.08856973246359	-0.082467085309756	0.024760811500409
ENTPD1	-0.126573803087728	-0.035324018164711	-0.053653617067406	-0.041770662655634	-0.042479870318738	-0.078608082009354	-0.082931633548644	-0.047712319947993	0.033997650903151	0.05774166208663
GZMA	0.098691590910689	-0.191477098477136	-0.100468672011217	-0.283832204003231	-0.105226541754232	0.041265364374262	-0.043455336383469	-0.174167872144526	-0.181193780740092	-0.025989377263797
GZMH	-0.02336277035661	-0.138984945393358	-0.056328349080602	-0.177747002664119	-0.128295224074441	-0.055107582131448	-0.055953383361479	-0.150476711008595	-0.132653305064697	-0.103802742354906
TMSB4X	0.108711198040302	0.068016241014327	0.032755613925529	-0.010508657168816	-0.174770674353065	0.045446134811233	-0.04839241360005	-0.10337667982939	-0.065224662374781	0.213329911059082
XCL2	-0.033221779172659	-0.101483342450415	-0.099110573464567	-0.144920493477673	-0.110796835734186	-0.062510080809261	-0.082347946748167	-0.121631105036271	-0.068946887901689	-0.092613773316749
