	Astrocyte	B	CD8+_T	Dendritic_Cell	Memory_CD4+_T	Naive_CD4+_T	Natural_Killer
CD8A	-0.217921506569189	-0.163040481917317	0.099731985050799	0.066367591277622	-0.00474812499285	-0.157292717405556	-0.030017447625962
CD8B	-0.190411483023493	-0.157609898749849	0.083467245462216	-0.020679780783646	-0.018708589444723	-0.155235308919858	-0.024301732865964
CD38	-0.074567781605469	-0.100463289648013	-0.083781940015935	-0.072062051129829	-0.060523632916058	-0.094102061161016	-0.070602257486415
CD69	-0.079330855201048	-0.08687864975713	-0.010474871486727	-0.115865800637411	0.040515399319484	0.003579772274071	0.002414217377343
ENTPD1	-0.02749466785664	-0.035975384542468	-0.052052954447195	-0.044879560266421	-0.053053944876695	-0.07602080384669	-0.057168316826549
GZMA	-0.212959882388498	-0.150171657562623	0.19318294172241	0.065400530861259	0.013259505015376	-0.204625480333334	-0.019750907754288
GZMH	-0.163171158668964	-0.137416749828677	0.048061117994678	-0.029628890909051	-0.02528219147492	-0.163002506537405	-0.063781982841186
MYO1F	0.040402564230015	-0.152350424108578	0.03304433282756	-0.066967050845862	-0.006726353836716	-0.081884440794846	-0.006117217401799
SYNE1	-0.123254887251392	-0.101210887139072	0.02729814230221	-0.047180395925161	0.002249509415378	-0.067249275486209	-0.008633847040418
TMSB4X	0.078165908686016	0.027778051857637	-0.008665196814389	-0.019816548608437	0.047516309198767	0.103593965676356	0.073335662440846
TSC22D3	-0.010392171006313	-0.003079301151901	-0.054490075701262	-0.152772404432032	0.014061047462648	0.114452896135821	0.041830411166918
XCL2	-0.067742318355723	-0.084698682440152	-0.04897805637464	-0.060329725002698	-0.063707432749656	-0.051493152827542	-0.067875397821027
